IP : 192.168.164.254Is SSH Server2016-02-07 11:37:51.842108
IP : 192.168.166.20Is SSH Server  2016-02-07 11:59:26.024081
IP : 192.168.166.20Is SSH Server  2016-02-10 16:54:27.884207
IP : 192.168.166.20Is SSH Server  2016-02-10 16:58:31.784785
