IP : 192.168.166.20Is SSH Server  2016-02-10 16:59:46.752306
IP : 192.168.166.20Is SSH Server  2016-02-14 11:55:29.752425
IP : 192.168.166.20Is SSH Server  2016-02-14 12:10:57.802000
IP : 192.168.166.20Is SSH Server  2016-02-14 15:12:13.506846
